603886
600569
2016
923
600545
710
791
600787
877
553
513
2515
2039
505
600380
539
2346
600686
2359
600580
2396
600079
537
600516
603043
600565
601126
601519
600682
600803
608
600208
600011
2176
31
600126
2699
601003
546
600720
2384
718
564
541
600392
825
600630
600376
401
807
600661
69
717
932
789
910
921
2517
761
600029
600449
612
796
600173
601111
600236
600406
600231
600559
603609
600782
600221
600618
600525
600066
2292
600674
600211
600195
600708
786
2110
600893
600886
600258
603833
2614
2564
600381
2670
2311
600021
600141
975
601628
600900
600507
600487
980
603008
600581
600295
408
2681
601021
2431
40
600779
600122
600390
2430
600490
631
600350
2358
600388
656
600681
2067
600611
686
603898
2635
600094
600755
601900
2202
2312
712
2410
2121
2421